4E00: 001
4E01: 124,002
4E02: 231,003,125
4E03: 004,126,358,232
4E04: 005,237,361,129,467
4E05: 006,238,362,130,472,578
4E06: 007,239,363,131,473,579,689
4E07: 007,239,363,131,473,579,689,790
4E08: 007,239,363,131,473,579,689,791,801
4E09: 010,242
4E0A: 010,242,366
4E0B: 010,010,010,134
4E0C: 013,245,368,135,476
4E0D: 014,246,369,136,477,582
4E0E: 015,247,370,137,478,583,692
4E0F: 016,248,371,138,479,584,693,792
4E10: 017,249,372,139,480,585,694,793,802
4E11: 018,250
4E12: 019,251,373
4E13: 020,252,374,140
4E14: 021,253,375,141,481
4E15: 022,254,376,142,482,586
4E16: 023,255,377,143,483,587,696
4E17: 024,256,378,144,484,588,696,023
4E18: 025,257,379,145,485,589,697,795,803
4E19: 026,258
4E1A: 027,259,380
4E1B: 028,260,381,146
4E1C: 029,261,382,147,486
4E1D: 030,262,383,148,487,590
4E1E: 031,263,384,149,488,591,698
4E1F: 032,264,385,150,489,592,699,796
4E20: 033,265,386,151,490,593,700,797,804
4E21: 034,266
4E22: 035,267,387
4E23: 036,268,388,152
4E24: 037,269,389,153,491
4E25: 038,270,390,154,492,594
4E26: 039,271,391,155,493,595,701
4E27: 040,272,392,156,494,596,702,798
4E28: 041,273,393,157,495,597,703,799,805
4E29: 042,274
4E2A: 043,275,394
4E2B: 044,276,395,158
4E2C: 045,277,396,159,496
4E2D: 046,278,397,160,497,598
4E2E: 047,279,398,161,498,599,704
4E2F: 048,280,399,162,499,600,705,800
4E30: 049,281,400,163,500,601,706,801,806
4E31: 050,282
4E32: 051,283,401
4E33: 052,284,402,164
4E34: 053,285,403,165,501
4E35: 054,286,404,166,502,602
4E36: 055,287,405,167,503,603,707
4E37: 056,288,406,168,504,604,708,802
4E38: 057,289,407,169,505,605,709,803,807
4E39: 058,290
4E3A: 059,291,408
4E3B: 060,292,409,170
4E3C: 061,293,410,171,506
4E3D: 062,294,411,172,507,606
4E3E: 063,295,412,173,508,607,710
4E3F: 064,296,413,174,509,608,711,804
4E40: 065,297,414,175,510,609,712,805,808
4E41: 041,273,393,157,495,597,703,799,805
4E42: 041,273,393,157,495,597,703,799,805